11
11
10
5
5
13
13
4
2
2
7
6
9
11
6
6
6
2
2
9
11
2
10
2
6
6
9
11
6
6
6
6
6
9
13
6
4
4
7
7
9
11
10
6
1
6
6
12
12
2
7
1
6
6
15
11
6
6
6
6
7
12
12
7
1
1
1
1
15
5
6
1
1
1
1
15
12
6
1
1
1
1
15
12
2
1
1
1
5
12
12
11
10
6
1
1
15
13
7
1
1
1
1
15
12
2
1
3
3
3
14
12
3
3
13
3
3
14
12
15
12
7
3
3
14
12
3
3
3
3
3
14
12
3
3
3
3
3
14
12
3
3
3
3
3
14
13
3
3
3
3
10
11
12
2
4
4
4
4
14
13
2
10
2
2
4
14
13
4
4
4
4
4
14
13
4
4
4
4
4
14
12
6
6
4
4
4
14
13
5
2
6
6
4
14
13
4
4
4
4
4
14
13
4
4
4
4
4
14
13
5
13
11
11
8
14
12
8
13
13
8
15
14
12
13
13
13
13
13
16
13
16
16
5
16
16
14
12
5
5
5
8
8
14
12
5
2
2
2
4
14
12
5
5
10
2
5
14
12
10
2
2
2
2
14
12
16
4
4
4
2
14
12
6
6
6
6
2
14
12
2
2
2
10
2
14
12
2
2
2
2
2
14
12
2
2
4
2
2
14
12
7
2
2
11
11
11
12
7
2
2
4
2
11
11
7
7
7
7
2
5
11
7
6
6
6
6
11
11
6
10
6
6
6
11
11
6
10
2
4
13
13
13
2
10
6
7
6
9
11
6
6
6
6
6
12
12
12
12
12
12
11
11
11
11
