1
17
17
1
1
1
9
6
8
12
12
1
7
8
12
4
6
10
1
1
5
10
10
6
6
10
1
6
6
10
6
10
6
1
10
6
6
6
6
1
5
12
12
12
9
11
1
7
9
11
10
15
11
17
12
12
12
8
11
4
17
17
10
8
8
11
25
17
17
11
12
12
8
12
17
7
12
12
8
12
12
17
17
18
12
12
12
12
12
12
24
13
15
15
15
16
7
15
12
15
15
15
16
1
15
15
14
2
25
17
17
17
5
10
21
2
17
17
4
22
17
11
21
21
21
9
8
9
2
3
21
21
2
3
11
3
8
1
1
3
3
2
3
11
2
16
10
3
3
18
25
18
18
18
23
19
20
18
18
25
24
14
23
20
19
20
18
19
19
13
18
23
25
24
19
19
19
19
19
22
22
23
19
20
24
19
19
19
14
23
19
20
19
19
24
14
24
18
24
19
20
19
19
19
19
19
19
20
20
19
19
19
19
20
24
20
19
24
24
24
25
16
22
22
21
22
22
22
22
22
23
24
24
18
18
24
20
14
23
20
19
20
20
20
20
20
20
20
15
25
25
18
11
2
25
2
16
25
14
24
24
16
16
17
16
15
3
2
3
3
16
3
2
3
25
8
2
17
21
2
2
9
21
21
21
21
2
4
4
2
4
5
2
4
15
15
15
15
25
16
15
15
6
9
16
1
5
15
15
10
5
9
5
1
5
2
7
7
10
1
1
5
5
6
9
10
21
1
4
15
10
15
10
5
5
6
15
7
10
6
1
1
10
12
7
10
4
5
5
6
6
10
15
10
1
5
17
17
17
5
5
1
5
1
1
