20
15
15
20
20
25
19
19
9
8
9
20
25
8
9
19
19
19
20
25
19
19
19
19
19
20
25
19
19
19
19
19
20
25
13
19
19
19
19
20
25
9
8
9
19
23
20
25
17
13
19
19
3
16
5
9
9
8
13
13
16
5
18
13
13
21
15
16
5
9
8
9
9
9
15
5
9
9
9
9
9
15
5
8
9
9
9
9
16
5
9
8
17
13
13
16
25
13
8
13
18
23
16
25
12
9
22
15
15
16
5
5
21
23
25
4
16
5
3
4
5
3
17
16
25
4
3
13
3
3
24
25
3
14
4
4
4
24
25
17
4
4
4
4
16
5
18
4
23
4
3
5
5
4
14
4
3
3
15
15
17
12
12
8
2
6
6
7
2
11
8
2
6
6
7
7
7
7
7
6
6
7
7
7
7
7
6
6
7
12
7
7
7
6
6
2
2
7
2
2
6
6
7
7
7
7
7
6
6
1
1
1
1
1
6
6
1
1
1
1
15
5
5
5
6
5
6
5
6
6
1
15
1
1
6
6
6
1
1
11
1
1
6
6
2
7
11
7
21
6
6
7
2
10
11
7
6
6
2
3
3
23
3
5
5
3
3
3
3
3
16
5
4
3
3
3
3
16
5
22
13
17
13
23
16
25
13
22
13
22
18
16
25
18
13
23
22
23
16
25
22
22
23
22
5
25
25
18
18
18
18
18
20
20
18
22
13
18
23
20
25
18
17
17
22
17
24
25
18
22
17
22
22
24
25
17
18
14
22
17
20
25
17
9
17
18
22
24
25
22
17
18
18
23
20
25
15
24
25
25
25
25
25
25
25
