15
11
17
21
21
21
21
14
23
22
23
12
17
17
12
23
12
2
12
17
25
1
23
2
22
22
17
17
23
23
23
2
12
15
25
22
2
4
22
23
15
17
7
12
18
19
7
11
20
18
19
2
23
23
15
17
2
12
19
12
12
11
25
24
10
2
10
2
15
15
23
22
14
23
2
15
15
23
2
1
19
2
20
1
2
1
24
23
6
21
15
20
12
12
1
24
21
5
2
22
22
22
22
15
15
10
10
10
10
24
5
6
10
10
5
10
6
6
5
25
15
23
12
23
15
25
24
8
2
24
12
15
6
20
1
6
2
1
25
6
24
23
1
10
10
5
10
8
10
8
8
23
15
12
8
3
2
24
5
5
6
8
23
10
14
4
25
25
14
9
4
9
9
5
10
4
9
4
9
9
4
23
3
3
3
3
9
5
5
9
3
3
3
3
3
4
8
3
9
9
9
5
10
3
9
3
9
9
3
10
9
3
3
8
3
16
16
13
4
4
8
4
15
5
2
5
5
6
5
10
10
4
4
4
13
4
21
15
10
24
10
4
2
15
15
8
2
8
8
1
25
20
24
23
14
8
8
5
6
8
8
8
8
8
25
6
8
8
14
14
6
25
25
7
12
12
23
1
21
25
24
19
7
19
24
16
11
19
19
7
24
1
25
25
7
18
14
13
7
21
16
18
14
18
11
17
17
11
13
22
22
7
22
16
16
18
22
7
12
7
11
16
19
18
12
19
12
17
16
7
19
7
7
19
17
16
19
19
7
1
19
25
11
24
19
19
7
18
16
16
12
12
7
12
18
16
16
16
16
16
16
16
20
17
16
